-0.000000e+00 -0.000000e+00 0.000000e+00 -1.570796e+00 5.333198e+00 4.446248e-01
-4.371139e-08 -1.000000e+00 1.000000e+00 -1.570796e+00 4.396502e+00 2.571207e+00
-8.742278e-08 -2.000000e+00 2.000000e+00 -1.570796e+00 3.486412e+00 1.579531e+00
-1.311342e-07 -3.000000e+00 3.000000e+00 -1.570796e+00 2.621338e+00 1.268373e+00
-1.748456e-07 -4.000000e+00 4.000000e+00 -1.570796e+00 1.830254e+00 1.179418e+00
-2.185570e-07 -5.000000e+00 5.000000e+00 -1.570796e+00 1.140283e+00 1.698624e+00
-2.622683e-07 -6.000000e+00 6.000000e+00 -1.570796e+00 5.462797e-01 3.487324e+00
-3.059797e-07 -7.000000e+00 7.000000e+00 -1.570796e+00 2.979290e-02 nan
-3.496911e-07 -8.000000e+00 8.000000e+00 -1.570796e+00 5.456792e-01 nan
-3.934025e-07 -9.000000e+00 9.000000e+00 -1.570796e+00 1.141590e+00 nan
-4.371139e-07 -1.000000e+01 1.000000e+01 -1.570796e+00 1.829824e+00 nan
0.000000e+00 -0.000000e+00 0.000000e+00 -1.346397e+00 5.333198e+00 4.446248e-01
2.225210e-01 -9.749279e-01 1.000000e+00 -1.346397e+00 4.339640e+00 2.756796e+00
4.450420e-01 -1.949856e+00 2.000000e+00 -1.346397e+00 3.349558e+00 1.756211e+00
6.675629e-01 -2.924784e+00 3.000000e+00 -1.346397e+00 2.364053e+00 1.468901e+00
8.900839e-01 -3.899712e+00 4.000000e+00 -1.346397e+00 1.391466e+00 1.764745e+00
1.112605e+00 -4.874640e+00 5.000000e+00 -1.346397e+00 4.471284e-01 4.706363e+00
1.335126e+00 -5.849567e+00 6.000000e+00 -1.346397e+00 4.258442e-01 nan
1.557647e+00 -6.824495e+00 7.000000e+00 -1.346397e+00 1.205134e+00 nan
1.780168e+00 -7.799423e+00 8.000000e+00 -1.346397e+00 1.931059e+00 nan
2.002689e+00 -8.774351e+00 9.000000e+00 -1.346397e+00 2.638792e+00 nan
2.225210e+00 -9.749279e+00 1.000000e+01 -1.346397e+00 3.003301e+00 nan
0.000000e+00 -0.000000e+00 0.000000e+00 -1.121997e+00 5.333198e+00 4.446248e-01
4.338836e-01 -9.009689e-01 1.000000e+00 -1.121997e+00 4.342337e+00 2.747846e+00
8.677673e-01 -1.801938e+00 2.000000e+00 -1.121997e+00 3.354236e+00 1.750017e+00
1.301651e+00 -2.702907e+00 3.000000e+00 -1.121997e+00 2.374691e+00 1.460318e+00
1.735535e+00 -3.603876e+00 4.000000e+00 -1.121997e+00 1.411893e+00 1.732208e+00
2.169418e+00 -4.504845e+00 5.000000e+00 -1.121997e+00 5.061900e-01 4.158363e+00
2.603302e+00 -5.405813e+00 6.000000e+00 -1.121997e+00 1.502818e-01 nan
3.037186e+00 -6.306782e+00 7.000000e+00 -1.121997e+00 4.199925e-01 nan
3.471069e+00 -7.207751e+00 8.000000e+00 -1.121997e+00 5.580842e-01 nan
3.904953e+00 -8.108720e+00 9.000000e+00 -1.121997e+00 6.850311e-01 nan
4.338836e+00 -9.009689e+00 1.000000e+01 -1.121997e+00 8.906950e-01 nan
0.000000e+00 -0.000000e+00 0.000000e+00 -8.975979e-01 5.333198e+00 4.446248e-01
6.234898e-01 -7.818315e-01 1.000000e+00 -8.975979e-01 4.402569e+00 2.551785e+00
1.246980e+00 -1.563663e+00 2.000000e+00 -8.975979e-01 3.502673e+00 1.559160e+00
1.870469e+00 -2.345494e+00 3.000000e+00 -8.975979e-01 2.656928e+00 1.241792e+00
2.493959e+00 -3.127326e+00 4.000000e+00 -8.975979e-01 1.917746e+00 1.084440e+00
3.117449e+00 -3.909157e+00 5.000000e+00 -8.975979e-01 1.386512e+00 1.293840e+00
3.740939e+00 -4.690989e+00 6.000000e+00 -8.975979e-01 1.152635e+00 1.387847e+00
4.364429e+00 -5.472820e+00 7.000000e+00 -8.975979e-01 1.145003e+00 1.227761e+00
4.987918e+00 -6.254652e+00 8.000000e+00 -8.975979e-01 1.233687e+00 9.761214e-01
5.611408e+00 -7.036483e+00 9.000000e+00 -8.975979e-01 1.328774e+00 7.745334e-01
6.234898e+00 -7.818315e+00 1.000000e+01 -8.975979e-01 9.668968e-01 1.321794e+00
0.000000e+00 -0.000000e+00 0.000000e+00 -6.731984e-01 5.333198e+00 4.446248e-01
7.818315e-01 -6.234898e-01 1.000000e+00 -6.731984e-01 4.517948e+00 2.196479e+00
1.563663e+00 -1.246980e+00 2.000000e+00 -6.731984e-01 3.774079e+00 1.238681e+00
2.345494e+00 -1.870469e+00 3.000000e+00 -6.731984e-01 3.145124e+00 9.055907e-01
3.127326e+00 -2.493959e+00 4.000000e+00 -6.731984e-01 2.691217e+00 6.842527e-01
3.909157e+00 -3.117449e+00 5.000000e+00 -6.731984e-01 2.473237e+00 4.975224e-01
4.690989e+00 -3.740939e+00 6.000000e+00 -6.731984e-01 2.496208e+00 3.410155e-01
5.472820e+00 -4.364428e+00 7.000000e+00 -6.731984e-01 2.692695e+00 2.232300e-01
6.254652e+00 -4.987918e+00 8.000000e+00 -6.731984e-01 2.558462e+00 1.850654e-01
7.036483e+00 -5.611408e+00 9.000000e+00 -6.731984e-01 1.562999e+00 5.226405e-01
7.818315e+00 -6.234898e+00 1.000000e+01 -6.731984e-01 5.667583e-01 2.824042e+00
0.000000e+00 -0.000000e+00 0.000000e+00 -4.487990e-01 5.333198e+00 4.446248e-01
9.009689e-01 -4.338837e-01 1.000000e+00 -4.487990e-01 4.677122e+00 1.750007e+00
1.801938e+00 -8.677675e-01 2.000000e+00 -4.487990e-01 4.136199e+00 8.684381e-01
2.702907e+00 -1.301651e+00 3.000000e+00 -4.487990e-01 3.753422e+00 5.607901e-01
3.603875e+00 -1.735535e+00 4.000000e+00 -4.487990e-01 3.566998e+00 3.699685e-01
4.504844e+00 -2.169419e+00 5.000000e+00 -4.487990e-01 3.592664e+00 2.318107e-01
5.405813e+00 -2.603302e+00 6.000000e+00 -4.487990e-01 3.809361e+00 1.333027e-01
6.306782e+00 -3.037186e+00 7.000000e+00 -4.487990e-01 3.707677e+00 1.072397e-01
7.207751e+00 -3.471070e+00 8.000000e+00 -4.487990e-01 2.758070e+00 1.642205e-01
8.108720e+00 -3.904954e+00 9.000000e+00 -4.487990e-01 1.830586e+00 3.071639e-01
9.009689e+00 -4.338837e+00 1.000000e+01 -4.487990e-01 9.502608e-01 1.359684e+00
0.000000e+00 -0.000000e+00 0.000000e+00 -2.243995e-01 5.333198e+00 4.446248e-01
9.749279e-01 -2.225209e-01 1.000000e+00 -2.243995e-01 4.870687e+00 1.275348e+00
1.949856e+00 -4.450419e-01 2.000000e+00 -2.243995e-01 4.555626e+00 5.215538e-01
2.924784e+00 -6.675628e-01 3.000000e+00 -2.243995e-01 4.414952e+00 2.791529e-01
3.899712e+00 -8.900837e-01 4.000000e+00 -2.243995e-01 4.462106e+00 1.478198e-01
4.874640e+00 -1.112605e+00 5.000000e+00 -2.243995e-01 4.685916e+00 6.907263e-02
5.849567e+00 -1.335126e+00 6.000000e+00 -2.243995e-01 5.059360e+00 2.457790e-02
6.824495e+00 -1.557647e+00 7.000000e+00 -2.243995e-01 4.475738e+00 4.741583e-02
7.799423e+00 -1.780167e+00 8.000000e+00 -2.243995e-01 3.774198e+00 7.740932e-02
8.774351e+00 -2.002688e+00 9.000000e+00 -2.243995e-01 3.189210e+00 9.753754e-02
9.749279e+00 -2.225209e+00 1.000000e+01 -2.243995e-01 2.784027e+00 1.034248e-01
0.000000e+00 0.000000e+00 0.000000e+00 0.000000e+00 5.333198e+00 4.446248e-01
1.000000e+00 0.000000e+00 1.000000e+00 0.000000e+00 5.085622e+00 8.360866e-01
2.000000e+00 0.000000e+00 2.000000e+00 0.000000e+00 5.000734e+00 2.496330e-01
3.000000e+00 0.000000e+00 3.000000e+00 0.000000e+00 5.085622e+00 9.289850e-02
4.000000e+00 0.000000e+00 4.000000e+00 0.000000e+00 5.333198e+00 2.778905e-02
5.000000e+00 0.000000e+00 5.000000e+00 0.000000e+00 5.722437e+00 3.081651e-03
6.000000e+00 0.000000e+00 6.000000e+00 0.000000e+00 6.226889e+00 1.429957e-03
7.000000e+00 0.000000e+00 7.000000e+00 0.000000e+00 5.722437e+00 1.572271e-03
8.000000e+00 0.000000e+00 8.000000e+00 0.000000e+00 5.333198e+00 6.947263e-03
9.000000e+00 0.000000e+00 9.000000e+00 0.000000e+00 5.085622e+00 1.032206e-02
1.000000e+01 0.000000e+00 1.000000e+01 0.000000e+00 5.000734e+00 9.985319e-03
0.000000e+00 0.000000e+00 0.000000e+00 2.243995e-01 5.333198e+00 4.446248e-01
9.749279e-01 2.225209e-01 1.000000e+00 2.243995e-01 5.309241e+00 4.771476e-01
1.949856e+00 4.450419e-01 2.000000e+00 2.243995e-01 5.445704e+00 7.681115e-02
2.924784e+00 6.675628e-01 3.000000e+00 2.243995e-01 5.733462e+00 7.893591e-03
3.899712e+00 8.900837e-01 4.000000e+00 2.243995e-01 6.153513e+00 1.472889e-03
4.874640e+00 1.112605e+00 5.000000e+00 2.243995e-01 6.682952e+00 1.865694e-02
5.849567e+00 1.335126e+00 6.000000e+00 2.243995e-01 7.298969e+00 4.687003e-02
6.824495e+00 1.557647e+00 7.000000e+00 2.243995e-01 7.209488e+00 2.985431e-02
7.799423e+00 1.780167e+00 8.000000e+00 2.243995e-01 7.092045e+00 1.863380e-02
8.774351e+00 2.002688e+00 9.000000e+00 2.243995e-01 7.098828e+00 1.490647e-02
9.749279e+00 2.225209e+00 1.000000e+01 2.243995e-01 7.229151e+00 1.510812e-02
0.000000e+00 0.000000e+00 0.000000e+00 4.487990e-01 5.333198e+00 4.446248e-01
9.009689e-01 4.338837e-01 1.000000e+00 4.487990e-01 5.529964e+00 2.209334e-01
1.801938e+00 8.677675e-01 2.000000e+00 4.487990e-01 5.870749e+00 4.176486e-03
2.702907e+00 1.301651e+00 3.000000e+00 4.487990e-01 6.336464e+00 1.257870e-02
3.603875e+00 1.735535e+00 4.000000e+00 4.487990e-01 6.903977e+00 5.107345e-02
4.504844e+00 2.169419e+00 5.000000e+00 4.487990e-01 7.552908e+00 9.646098e-02
5.405813e+00 2.603302e+00 6.000000e+00 4.487990e-01 8.264176e+00 1.424026e-01
6.306782e+00 3.037186e+00 7.000000e+00 4.487990e-01 8.774202e+00 1.570653e-01
7.207751e+00 3.471070e+00 8.000000e+00 4.487990e-01 8.881380e+00 1.297242e-01
8.108720e+00 3.904954e+00 9.000000e+00 4.487990e-01 9.087170e+00 1.176619e-01
9.009689e+00 4.338837e+00 1.000000e+01 4.487990e-01 9.387217e+00 1.147324e-01
0.000000e+00 0.000000e+00 0.000000e+00 6.731984e-01 5.333198e+00 4.446248e-01
7.818315e-01 6.234898e-01 1.000000e+00 6.731984e-01 5.737680e+00 6.881155e-02
1.563663e+00 1.246980e+00 2.000000e+00 6.731984e-01 6.260682e+00 1.698879e-02
2.345494e+00 1.870469e+00 3.000000e+00 6.731984e-01 6.878249e+00 8.570240e-02
3.127326e+00 2.493959e+00 4.000000e+00 6.731984e-01 7.570221e+00 1.540997e-01
3.909157e+00 3.117449e+00 5.000000e+00 6.731984e-01 8.319182e+00 2.151443e-01
4.690989e+00 3.740939e+00 6.000000e+00 6.731984e-01 9.112118e+00 2.690355e-01
5.472820e+00 4.364428e+00 7.000000e+00 6.731984e-01 9.939435e+00 3.167173e-01
6.254652e+00 4.987918e+00 8.000000e+00 6.731984e-01 1.061753e+01 3.331504e-01
7.036483e+00 5.611408e+00 9.000000e+00 6.731984e-01 1.098923e+01 3.073132e-01
7.818315e+00 6.234898e+00 1.000000e+01 6.731984e-01 1.143087e+01 2.949432e-01
0.000000e+00 0.000000e+00 0.000000e+00 8.975979e-01 5.333198e+00 4.446248e-01
6.234898e-01 7.818315e-01 1.000000e+00 8.975979e-01 5.923857e+00 5.797724e-03
1.246980e+00 1.563663e+00 2.000000e+00 8.975979e-01 6.602118e+00 9.063667e-02
1.870469e+00 2.345494e+00 3.000000e+00 8.975979e-01 7.346774e+00 2.015334e-01
2.493959e+00 3.127326e+00 4.000000e+00 8.975979e-01 8.141076e+00 2.865129e-01
3.117449e+00 3.909157e+00 5.000000e+00 8.975979e-01 8.973166e+00 3.535887e-01
3.740939e+00 4.690989e+00 6.000000e+00 8.975979e-01 9.834661e+00 4.084617e-01
4.364429e+00 5.472820e+00 7.000000e+00 8.975979e-01 1.071774e+01 4.542267e-01
4.987918e+00 6.254652e+00 8.000000e+00 8.975979e-01 1.161905e+01 4.933391e-01
5.611408e+00 7.036483e+00 9.000000e+00 8.975979e-01 1.253378e+01 5.270401e-01
6.234898e+00 7.818315e+00 1.000000e+01 8.975979e-01 1.332820e+01 5.370255e-01
0.000000e+00 0.000000e+00 0.000000e+00 1.121997e+00 5.333198e+00 4.446248e-01
4.338836e-01 9.009689e-01 1.000000e+00 1.121997e+00 6.081527e+00 6.646612e-03
8.677673e-01 1.801938e+00 2.000000e+00 1.121997e+00 6.886034e+00 1.962643e-01
1.301651e+00 2.702907e+00 3.000000e+00 1.121997e+00 7.732086e+00 3.333470e-01
1.735535e+00 3.603876e+00 4.000000e+00 1.121997e+00 8.607647e+00 4.249889e-01
2.169418e+00 4.504845e+00 5.000000e+00 1.121997e+00 9.506469e+00 4.918129e-01
2.603302e+00 5.405813e+00 6.000000e+00 1.121997e+00 1.042212e+01 5.431973e-01
3.037186e+00 6.306782e+00 7.000000e+00 1.121997e+00 1.135155e+01 5.844709e-01
3.471069e+00 7.207751e+00 8.000000e+00 1.121997e+00 1.229060e+01 6.183062e-01
3.904953e+00 8.108720e+00 9.000000e+00 1.121997e+00 1.323857e+01 6.468760e-01
4.338836e+00 9.009689e+00 1.000000e+01 1.121997e+00 1.419369e+01 6.713655e-01
0.000000e+00 0.000000e+00 0.000000e+00 1.346397e+00 5.333198e+00 4.446248e-01
2.225210e-01 9.749279e-01 1.000000e+00 1.346397e+00 6.203460e+00 4.139606e-02
4.450420e-01 1.949856e+00 2.000000e+00 1.346397e+00 7.103932e+00 3.046667e-01
6.675629e-01 2.924784e+00 3.000000e+00 1.346397e+00 8.026273e+00 4.561979e-01
8.900839e-01 3.899712e+00 4.000000e+00 1.346397e+00 8.962927e+00 5.486835e-01
1.112605e+00 4.874640e+00 5.000000e+00 1.346397e+00 9.911965e+00 6.121390e-01
1.335126e+00 5.849567e+00 6.000000e+00 1.346397e+00 1.086864e+01 6.584349e-01
1.557647e+00 6.824495e+00 7.000000e+00 1.346397e+00 1.183224e+01 6.941854e-01
1.780168e+00 7.799423e+00 8.000000e+00 1.346397e+00 1.280143e+01 7.228045e-01
2.002689e+00 8.774351e+00 9.000000e+00 1.346397e+00 1.377501e+01 7.463065e-01
2.225210e+00 9.749279e+00 1.000000e+01 1.346397e+00 1.475118e+01 7.658308e-01
-0.000000e+00 0.000000e+00 0.000000e+00 1.570796e+00 5.333198e+00 4.446248e-01
-4.371139e-08 1.000000e+00 1.000000e+00 1.570796e+00 6.286938e+00 8.233325e-02
-8.742278e-08 2.000000e+00 2.000000e+00 1.570796e+00 7.251712e+00 3.916956e-01
-1.311342e-07 3.000000e+00 3.000000e+00 1.570796e+00 8.224243e+00 5.496953e-01
-1.748456e-07 4.000000e+00 4.000000e+00 1.570796e+00 9.201614e+00 6.406459e-01
-2.185570e-07 5.000000e+00 5.000000e+00 1.570796e+00 1.018338e+01 7.000271e-01
-2.622683e-07 6.000000e+00 6.000000e+00 1.570796e+00 1.116838e+01 7.420052e-01
-3.059797e-07 7.000000e+00 7.000000e+00 1.570796e+00 1.215572e+01 7.733252e-01
-3.496911e-07 8.000000e+00 8.000000e+00 1.570796e+00 1.314431e+01 7.975191e-01
-3.934025e-07 9.000000e+00 9.000000e+00 1.570796e+00 1.413451e+01 8.169165e-01
-4.371139e-07 1.000000e+01 1.000000e+01 1.570796e+00 1.512599e+01 8.328376e-01
