9.749279e+00 2.225209e+00 0.000000e+00
8.774351e+00 2.002688e+00 0.000000e+00
7.799423e+00 1.780167e+00 0.000000e+00
6.824495e+00 1.557647e+00 0.000000e+00
5.849567e+00 1.335126e+00 0.000000e+00
4.874640e+00 1.112605e+00 0.000000e+00
3.899712e+00 8.900837e-01 0.000000e+00
2.924784e+00 6.675628e-01 0.000000e+00
1.949856e+00 4.450419e-01 0.000000e+00
1.949856e+00 4.450419e-01 0.000000e+00
9.009688e-01 4.338838e-01 0.000000e+00
9.009688e-01 4.338838e-01 0.000000e+00
0.000000e+00 0.000000e+00 0.000000e+00
