1.582455e+01 -1.384469e+00 0.000000e+00
1.599554e+01 -1.258877e+00 0.000000e+00
1.593210e+01 -1.114081e+00 0.000000e+00
1.589430e+01 -9.721373e-01 0.000000e+00
1.601303e+01 -8.392074e-01 0.000000e+00
1.613317e+01 -5.633829e-01 0.000000e+00
1.607249e+01 -4.208733e-01 0.000000e+00
1.595957e+01 -2.785757e-01 0.000000e+00
1.660837e+01 -1.449394e-01 0.000000e+00
1.686100e+01 -4.082788e-07 0.000000e+00
1.687236e+01 1.472424e-01 0.000000e+00
1.703241e+01 2.973013e-01 0.000000e+00
1.714612e+01 4.489866e-01 0.000000e+00
1.740639e+01 6.078441e-01 0.000000e+00
1.740841e+01 7.600673e-01 0.000000e+00
1.749299e+01 9.167686e-01 0.000000e+00
1.758115e+01 1.075309e+00 0.000000e+00
1.770576e+01 1.238107e+00 0.000000e+00
1.529869e+01 1.204033e+00 0.000000e+00
1.536331e+01 1.344115e+00 0.000000e+00
1.534901e+01 1.477941e+00 0.000000e+00
1.536934e+01 1.615383e+00 0.000000e+00
1.526126e+01 1.738801e+00 0.000000e+00
1.478398e+01 1.815244e+00 0.000000e+00
1.419351e+01 1.994768e+00 0.000000e+00
1.435062e+01 2.144714e+00 0.000000e+00
1.437778e+01 2.277216e+00 0.000000e+00
1.412460e+01 2.363647e+00 0.000000e+00
1.385034e+01 2.442188e+00 0.000000e+00
1.389437e+01 2.575170e+00 0.000000e+00
1.388414e+01 2.698802e+00 0.000000e+00
1.377578e+01 2.802714e+00 0.000000e+00
1.331650e+01 2.830509e+00 0.000000e+00
1.417387e+01 3.142270e+00 0.000000e+00
1.403580e+01 3.240420e+00 0.000000e+00
1.382029e+01 3.317959e+00 0.000000e+00
1.354048e+01 3.376020e+00 0.000000e+00
1.351728e+01 3.495805e+00 0.000000e+00
1.273149e+01 3.530753e+00 0.000000e+00
1.226762e+01 3.517684e+00 0.000000e+00
1.215112e+01 3.599326e+00 0.000000e+00
1.230095e+01 3.760777e+00 0.000000e+00
1.320421e+01 4.163271e+00 0.000000e+00
1.285068e+01 4.175437e+00 0.000000e+00
1.309350e+01 4.381025e+00 0.000000e+00
1.217922e+01 4.193643e+00 0.000000e+00
1.175474e+01 4.162571e+00 0.000000e+00
1.188429e+01 4.325529e+00 0.000000e+00
1.184328e+01 4.428022e+00 0.000000e+00
1.187608e+01 4.558798e+00 0.000000e+00
1.178095e+01 4.640638e+00 0.000000e+00
1.163338e+01 4.700189e+00 0.000000e+00
1.178593e+01 4.881892e+00 0.000000e+00
1.260263e+01 5.349500e+00 0.000000e+00
1.216572e+01 5.289805e+00 0.000000e+00
1.216934e+01 5.418139e+00 0.000000e+00
1.205062e+01 5.491782e+00 0.000000e+00
1.447555e+01 6.750059e+00 0.000000e+00
1.601908e+01 7.640710e+00 0.000000e+00
1.572710e+01 7.670618e+00 0.000000e+00
1.534991e+01 7.653185e+00 0.000000e+00
1.392109e+01 7.093147e+00 0.000000e+00
1.384269e+01 7.206048e+00 0.000000e+00
1.384109e+01 7.359436e+00 0.000000e+00
7.055144e+00 3.830630e+00 0.000000e+00
7.014451e+00 3.888173e+00 0.000000e+00
1.389871e+01 7.863512e+00 0.000000e+00
6.694376e+00 3.865000e+00 0.000000e+00
6.507885e+00 3.833437e+00 0.000000e+00
6.536758e+00 3.927680e+00 0.000000e+00
6.503939e+00 3.985619e+00 0.000000e+00
6.390891e+00 3.993471e+00 0.000000e+00
6.241097e+00 3.976017e+00 0.000000e+00
6.049331e+00 3.928481e+00 0.000000e+00
5.995639e+00 3.968427e+00 0.000000e+00
5.542945e+00 3.738764e+00 0.000000e+00
5.848824e+00 4.019785e+00 0.000000e+00
5.898714e+00 4.130324e+00 0.000000e+00
5.788362e+00 4.128798e+00 0.000000e+00
5.668782e+00 4.118611e+00 0.000000e+00
5.467834e+00 4.045984e+00 0.000000e+00
5.310926e+00 4.002070e+00 0.000000e+00
5.317054e+00 4.079919e+00 0.000000e+00
5.215055e+00 4.074448e+00 0.000000e+00
5.191823e+00 4.129762e+00 0.000000e+00
4.767791e+00 3.860881e+00 0.000000e+00
4.639779e+00 3.824738e+00 0.000000e+00
4.567157e+00 3.832299e+00 0.000000e+00
4.513010e+00 3.854474e+00 0.000000e+00
4.498824e+00 3.910768e+00 0.000000e+00
4.436814e+00 3.925361e+00 0.000000e+00
4.356315e+00 3.922443e+00 0.000000e+00
4.316022e+00 3.954905e+00 0.000000e+00
4.225762e+00 3.940586e+00 0.000000e+00
4.304372e+00 4.084696e+00 0.000000e+00
4.206699e+00 4.062362e+00 0.000000e+00
4.137566e+00 4.065975e+00 0.000000e+00
4.125968e+00 4.125968e+00 0.000000e+00
4.196344e+00 4.270230e+00 0.000000e+00
4.263119e+00 4.414588e+00 0.000000e+00
4.106035e+00 4.326858e+00 0.000000e+00
3.880571e+00 4.161403e+00 0.000000e+00
3.937340e+00 4.296852e+00 0.000000e+00
3.924451e+00 4.358544e+00 0.000000e+00
3.739828e+00 4.227106e+00 0.000000e+00
3.848443e+00 4.427126e+00 0.000000e+00
4.070091e+00 4.765464e+00 0.000000e+00
3.800803e+00 4.529621e+00 0.000000e+00
3.518149e+00 4.267856e+00 0.000000e+00
3.450564e+00 4.261091e+00 0.000000e+00
3.451221e+00 4.338779e+00 0.000000e+00
3.543132e+00 4.535002e+00 0.000000e+00
3.612999e+00 4.708552e+00 0.000000e+00
3.602465e+00 4.780632e+00 0.000000e+00
3.471386e+00 4.691308e+00 0.000000e+00
3.503200e+00 4.821741e+00 0.000000e+00
3.412211e+00 4.783742e+00 0.000000e+00
3.303801e+00 4.718316e+00 0.000000e+00
3.246074e+00 4.723067e+00 0.000000e+00
3.185163e+00 4.722198e+00 0.000000e+00
3.123411e+00 4.718960e+00 0.000000e+00
3.078845e+00 4.741004e+00 0.000000e+00
3.096458e+00 4.860465e+00 0.000000e+00
3.071942e+00 4.916135e+00 0.000000e+00
2.979287e+00 4.861754e+00 0.000000e+00
3.711365e+00 6.176747e+00 0.000000e+00
3.724824e+00 6.323496e+00 0.000000e+00
3.797500e+00 6.577463e+00 0.000000e+00
3.684313e+00 6.512001e+00 0.000000e+00
3.506628e+00 6.326124e+00 0.000000e+00
3.470853e+00 6.392516e+00 0.000000e+00
3.405077e+00 6.404018e+00 0.000000e+00
3.401702e+00 6.534609e+00 0.000000e+00
3.390401e+00 6.654037e+00 0.000000e+00
3.219317e+00 6.456952e+00 0.000000e+00
2.941909e+00 6.031807e+00 0.000000e+00
2.955028e+00 6.195345e+00 0.000000e+00
3.236834e+00 6.941411e+00 0.000000e+00
3.172404e+00 6.961204e+00 0.000000e+00
2.786146e+00 6.257786e+00 0.000000e+00
2.815567e+00 6.475361e+00 0.000000e+00
2.631574e+00 6.199600e+00 0.000000e+00
2.675723e+00 6.459766e+00 0.000000e+00
2.805054e+00 6.942752e+00 0.000000e+00
2.757555e+00 7.000462e+00 0.000000e+00
2.663033e+00 6.937436e+00 0.000000e+00
2.599940e+00 6.953854e+00 0.000000e+00
2.649288e+00 7.278859e+00 0.000000e+00
2.626726e+00 7.417646e+00 0.000000e+00
2.374043e+00 6.894721e+00 0.000000e+00
4.113538e+00 1.229407e+01 0.000000e+00
2.690611e+00 8.280849e+00 0.000000e+00
3.840014e+00 1.217897e+01 0.000000e+00
3.676867e+00 1.202649e+01 0.000000e+00
1.999468e+00 6.750091e+00 0.000000e+00
3.565645e+00 1.243488e+01 0.000000e+00
3.452453e+00 1.244914e+01 0.000000e+00
1.818204e+00 6.785629e+00 0.000000e+00
1.636233e+00 6.326845e+00 0.000000e+00
1.654746e+00 6.636823e+00 0.000000e+00
1.731931e+00 7.214013e+00 0.000000e+00
1.579607e+00 6.842026e+00 0.000000e+00
1.486291e+00 6.704225e+00 0.000000e+00
1.390514e+00 6.541852e+00 0.000000e+00
1.368860e+00 6.728163e+00 0.000000e+00
1.350737e+00 6.948939e+00 0.000000e+00
1.296970e+00 6.997825e+00 0.000000e+00
1.228214e+00 6.965545e+00 0.000000e+00
1.175469e+00 7.024326e+00 0.000000e+00
1.133055e+00 7.153827e+00 0.000000e+00
1.960988e+00 1.312127e+01 0.000000e+00
1.836111e+00 1.306461e+01 0.000000e+00
1.218854e+00 9.258112e+00 0.000000e+00
1.612332e+00 1.313138e+01 0.000000e+00
1.495641e+00 1.312707e+01 0.000000e+00
1.393992e+00 1.326294e+01 0.000000e+00
1.278199e+00 1.327460e+01 0.000000e+00
1.157167e+00 1.322648e+01 0.000000e+00
1.042251e+00 1.324305e+01 0.000000e+00
9.207859e-01 1.316784e+01 0.000000e+00
8.039486e-01 1.314444e+01 0.000000e+00
6.895267e-01 1.315694e+01 0.000000e+00
5.766924e-01 1.320842e+01 0.000000e+00
4.618255e-01 1.322494e+01 0.000000e+00
3.465309e-01 1.323346e+01 0.000000e+00
2.293426e-01 1.313900e+01 0.000000e+00
1.131575e-01 1.296651e+01 0.000000e+00
4.735163e-07 1.301500e+01 0.000000e+00
-1.136976e-01 1.302850e+01 0.000000e+00
-2.260606e-01 1.295103e+01 0.000000e+00
-2.106194e-01 8.043242e+00 0.000000e+00
-2.809756e-01 8.046095e+00 0.000000e+00
-3.566754e-01 8.169217e+00 0.000000e+00
-4.315620e-01 8.234699e+00 0.000000e+00
-5.076182e-01 8.299490e+00 0.000000e+00
-5.786994e-01 8.275791e+00 0.000000e+00
-1.018869e+00 1.294597e+01 0.000000e+00
-1.124657e+00 1.285490e+01 0.000000e+00
-7.797049e-01 8.097548e+00 0.000000e+00
-8.459486e-01 8.048666e+00 0.000000e+00
-9.340395e-01 8.197962e+00 0.000000e+00
-1.018462e+00 8.294708e+00 0.000000e+00
-1.669560e+00 1.268157e+01 0.000000e+00
-1.780023e+00 1.266553e+01 0.000000e+00
-1.889299e+00 1.264160e+01 0.000000e+00
-2.003456e+00 1.264932e+01 0.000000e+00
-2.111619e+00 1.261854e+01 0.000000e+00
-2.218702e+00 1.258289e+01 0.000000e+00
-2.326236e+00 1.255125e+01 0.000000e+00
-2.442736e+00 1.256679e+01 0.000000e+00
-2.556494e+00 1.256557e+01 0.000000e+00
-2.659814e+00 1.251344e+01 0.000000e+00
-2.767180e+00 1.248194e+01 0.000000e+00
-2.869475e+00 1.242906e+01 0.000000e+00
-2.985766e+00 1.243661e+01 0.000000e+00
-3.082568e+00 1.236351e+01 0.000000e+00
-3.202610e+00 1.238358e+01 0.000000e+00
-3.305636e+00 1.233681e+01 0.000000e+00
-3.417444e+00 1.232291e+01 0.000000e+00
-3.517408e+00 1.226666e+01 0.000000e+00
-3.614947e+00 1.220386e+01 0.000000e+00
-3.710489e+00 1.213646e+01 0.000000e+00
-3.815655e+00 1.210172e+01 0.000000e+00
-3.912464e+00 1.204133e+01 0.000000e+00
-4.012317e+00 1.199155e+01 0.000000e+00
-4.117135e+00 1.195703e+01 0.000000e+00
-4.231335e+00 1.194892e+01 0.000000e+00
-4.350154e+00 1.195195e+01 0.000000e+00
-4.458490e+00 1.192477e+01 0.000000e+00
-4.569908e+00 1.190502e+01 0.000000e+00
-4.697079e+00 1.192423e+01 0.000000e+00
-4.806577e+00 1.189670e+01 0.000000e+00
-4.912124e+00 1.185892e+01 0.000000e+00
-5.008782e+00 1.179995e+01 0.000000e+00
-5.103988e+00 1.173837e+01 0.000000e+00
-5.203382e+00 1.168699e+01 0.000000e+00
-5.312220e+00 1.165660e+01 0.000000e+00
-5.408668e+00 1.159893e+01 0.000000e+00
-5.531637e+00 1.159732e+01 0.000000e+00
-5.646658e+00 1.157737e+01 0.000000e+00
-5.760859e+00 1.155450e+01 0.000000e+00
-5.853753e+00 1.148864e+01 0.000000e+00
-6.008273e+00 1.154179e+01 0.000000e+00
-6.120500e+00 1.151099e+01 0.000000e+00
-6.204972e+00 1.142814e+01 0.000000e+00
-6.358278e+00 1.147064e+01 0.000000e+00
-6.434006e+00 1.137207e+01 0.000000e+00
-6.494500e+00 1.124880e+01 0.000000e+00
-6.618807e+00 1.123651e+01 0.000000e+00
-6.734638e+00 1.120832e+01 0.000000e+00
-6.936168e+00 1.131880e+01 0.000000e+00
-7.084490e+00 1.133756e+01 0.000000e+00
-7.213247e+00 1.132253e+01 0.000000e+00
-7.347725e+00 1.131450e+01 0.000000e+00
-7.442318e+00 1.124412e+01 0.000000e+00
-7.520585e+00 1.114973e+01 0.000000e+00
-7.674804e+00 1.116691e+01 0.000000e+00
